# n; Execution time, sec
         100   5.6772449897835031E-003
         150   6.7475910036591813E-003
         200   1.5578482998535037E-002
         250   2.7211013002670370E-002
         300   4.5361743003013544E-002
         350   7.3354944994207472E-002
         400  0.11010401800740510     
         450  0.15983079500438180     
         500  0.22001817400450818     
         550  0.29300365300150588     
         600  0.37621149400365539     
         650  0.48960892600007355     
         700  0.62828714300121646     
         750  0.75803938000171911     
         800  0.93559764199017081     
         850   1.1259525800123811     
         900   1.3250712879962521     
         950   1.5575119229906704     
        1000   1.8530413859989494     
