# n; Execution time, sec
         100   7.9339183866977692E-004
         300   1.2599350884556770E-002
         500   5.8687638491392136E-002
         700  0.16254049539566040     
         900  0.35213152132928371     
        1100  0.65912302955985069     
        1300   1.0997446924448013     
        1500   1.7408620193600655     
        1700   2.7356123719364405     
        1900   3.9815243948251009     
        2100   5.7197279836982489     
        2300   7.6518273092806339     
        2500   10.222856771200895     
