# n; Execution time, sec
         100   6.5837614238262177E-004
         300   8.9913979172706604E-003
         500   4.1126191616058350E-002
         700  0.11248472146689892     
         900  0.24305129423737526     
        1100  0.44910840690135956     
        1300  0.75554242543876171     
        1500   1.1951391492038965     
        1700   1.8543147835880518     
        1900   2.7425805795937777     
        2100   3.8870007321238518     
        2300   5.2036243509501219     
        2500   6.9516279008239508     
