# n; Execution time, sec
         100   1.6737450059736148E-003
         150   9.3807519879192114E-003
         200   8.3019930025329813E-003
         250   1.4945400005672127E-002
         300   2.3972978000529110E-002
         350   4.5269082998856902E-002
         400  0.31952013800037093     
         450   8.4053713988396339E-002
         500  0.10982601299474481     
         550  0.14597328500531148     
         600  0.19037553400266916     
         650  0.24760527400940191     
         700  0.30957765500352252     
         750  0.40537231399503071     
         800  0.48175313699175604     
         850  0.58137639900087379     
         900  0.69384787500894163     
         950  0.90335807300289162     
        1000  0.98623665400373284     
