# n; Execution time, sec
         100   2.5747650070115924E-003
         150   6.8286039895610884E-003
         200   1.6048724006395787E-002
         250   2.7361628992366605E-002
         300   4.5599803997902200E-002
         350   7.2470790008082986E-002
         400  0.10914442900684662     
         450  0.15886456800217275     
         500  0.22668359300587326     
         550  0.29328861499379855     
         600  0.37989230299717747     
         650  0.48505704799026717     
         700  0.62088373699225485     
         750  0.76979063199541997     
         800  0.93901300799916498     
         850   1.1290360580023844     
         900   1.3419674680044409     
         950   1.5908726820052834     
        1000   1.8283149939961731     
