# n; Execution time, sec
         100   1.0079586005304009E-002
         150   1.4702890999615192E-002
         200   2.2526450004079379E-002
         250   3.0180532994563691E-002
         300   4.5495831000152975E-002
         350   6.0845396001241170E-002
         400   8.4648907999508083E-002
         450  0.10861195799952839     
         500  0.16347332899749745     
         550  0.20841794500302058     
         600  0.26322136299859267     
         650  0.31100045998755377     
         700  0.37195382099889684     
         750  0.48369429699960165     
         800  0.57240132200240623     
         850  0.68714212000486441     
         900  0.83843227400211617     
         950  0.97811308600648772     
        1000   1.1238348999904701     
