# n; Execution time, sec
         100   2.3630430077901110E-003
         150   7.9658160102553666E-003
         200   1.6107581002870575E-002
         250   2.7106334993732162E-002
         300   4.5579494006233290E-002
         350   7.3128998003085144E-002
         400  0.10946540300210472     
         450  0.16009286900225561     
         500  0.22559738600102719     
         550  0.29921641699911561     
         600  0.38003094699524809     
         650  0.48938596701191273     
         700  0.61830100801307708     
         750  0.75339813499886077     
         800  0.93724609099444933     
         850   1.1352376750000985     
         900   1.3499865709891310     
         950   1.5939182309957687     
        1000   1.8739478690113174     
