# n; Execution time, sec
         100   8.1633962690830231E-004
         300   1.2549953535199165E-002
         500   5.9480570256710052E-002
         700  0.16420736908912659     
         900  0.35374421067535877     
        1100  0.66264596395194530     
        1300   1.0933224093168974     
        1500   1.8011796083301306     
        1700   2.7050183769315481     
        1900   4.0323921032249928     
        2100   5.6910214889794588     
        2300   7.7352474499493837     
        2500   10.248875483870506     
