# n; Execution time, sec
         100   6.6988728940486908E-004
         300   9.1305766254663467E-003
         500   4.1063308715820312E-002
         700  0.11293366737663746     
         900  0.24228792637586594     
        1100  0.45755326375365257     
        1300  0.75657762587070465     
        1500   1.1985243726521730     
        1700   1.8789964057505131     
        1900   2.7440466005355120     
        2100   3.8882152475416660     
        2300   5.1939284466207027     
        2500   7.0805108565837145     
