# n; Execution time, sec
         100   6.8691186606884003E-004
         300   7.2079449892044067E-003
         500   3.2402673736214638E-002
         700   8.5429726168513298E-002
         900  0.18378511443734169     
        1100  0.34264538995921612     
        1300  0.57080292142927647     
        1500  0.90330980159342289     
        1700   1.4116677921265364     
        1900   2.0718636233359575     
        2100   2.9511764105409384     
        2300   3.9548588376492262     
        2500   5.2075124010443687     
