# n; Execution time, sec
         100   1.5486399934161454E-003
         150   5.4958580003585666E-003
         200   8.1195140082854778E-003
         250   1.6344236006261781E-002
         300   2.4207921000197530E-002
         350   3.7975134007865563E-002
         400   5.6806154010700993E-002
         450   8.1926316008321010E-002
         500  0.11928192900086287     
         550  0.15224986300745513     
         600  0.19320341899583582     
         650  0.24994938800227828     
         700  0.31434496199653950     
         750  0.38611080900591332     
         800  0.48928803400485776     
         850  0.57418642799893860     
         900  0.67929411100340076     
         950  0.79586044600000605     
        1000   1.0775548870005878     
