# n; Execution time, sec
         100   1.2123081833124161E-003
         300   2.3438913747668266E-002
         500  0.11927672103047371     
         700  0.31377477943897247     
         900  0.68748336471617222     
        1100   1.2604012526571751     
        1300   2.1305767055600882     
        1500   3.3759212289005518     
        1700   5.2793513424694538     
        1900   7.6000268124043941     
        2100   10.725917575880885     
        2300   14.402959611266851     
        2500   19.497978013008833     
