# n; Execution time, sec
         100   3.1342629954451695E-003
         150   7.3216370074078441E-003
         200   1.5295367004000582E-002
         250   1.4650078999693505E-002
         300   2.4263482002425008E-002
         350   3.7715023994678631E-002
         400   5.7969743997091427E-002
         450   8.2162860999233089E-002
         500  0.11309761399752460     
         550  0.15106492199993227     
         600  0.19784696900751442     
         650  0.24879205899196677     
         700  0.31253847401239909     
         750  0.38794006199168507     
         800  0.47918567400483880     
         850  0.58601238799747080     
         900  0.68413491899264045     
         950  0.82602607300214004     
        1000  0.96739092499774415     
