# n; Execution time, sec
         100   1.9467090023681521E-003
         150   5.1138780108885840E-003
         200   1.0347404997446574E-002
         250   1.9933657997171395E-002
         300   3.0591609000111930E-002
         350   4.7975980007322505E-002
         400   7.4962036000215448E-002
         450  0.11132955500215758     
         500  0.13824133499292657     
         550  0.19011578301433474     
         600  0.24323954001010861     
         650  0.31257056100002956     
         700  0.38806798400764819     
         750  0.49062020400015172     
         800  0.61233831499703228     
         850  0.73637543500808533     
         900  0.88433605399040971     
         950   1.0583198099920992     
        1000   1.2294656379963271     
