# n; Execution time, sec
         100   1.6273170040221885E-003
         150   1.1169560995767824E-002
         200   7.9427409946219996E-003
         250   1.5526864997809753E-002
         300   2.3835836007492617E-002
         350   3.7182647007284686E-002
         400   5.8966516007785685E-002
         450   8.2080423002480529E-002
         500  0.10723626999242697     
         550  0.14812326901301276     
         600  0.20569860099931248     
         650  0.32854787900578231     
         700  0.57502376699994784     
         750  0.70738320599775761     
         800  0.50922111900581513     
         850  0.75436325601185672     
         900   1.2856111540022539     
         950   2.5236512559931725     
        1000   3.8082157800090499     
