# n; Execution time, sec
         100   1.8233669979963452E-003
         150   4.9215430044569075E-003
         200   1.0271999999531545E-002
         250   1.8078163993777707E-002
         300   3.0133025007671677E-002
         350   4.7505071008345112E-002
         400   7.0934158007730730E-002
         450  0.10258370600058697     
         500  0.13958278900827281     
         550  0.18747686299320776     
         600  0.24290292600926477     
         650  0.30876991599507164     
         700  0.39193399499345105     
         750  0.49401831900468096     
         800  0.60548715699405875     
         850  0.73145854700123891     
         900  0.87873272500291932     
         950   1.0402225440047914     
        1000   1.2327247420034837     
