# n; Execution time, sec
         100   2.3796320019755512E-003
         150   8.4002349904039875E-003
         200   1.6484175008372404E-002
         250   4.5107464000466280E-002
         300   6.2920067008235492E-002
         350  0.11296935800055508     
         400  0.21177219299715944     
         450  0.32061084000451956     
         500  0.47695279499748722     
         550  0.65934947799541987     
         600  0.87370847199053969     
         650   1.2366434819996357     
         700   1.4591292270051781     
         750   1.8643937890010420     
         800   2.0495455070049502     
         850   2.3409173560066847     
         900   2.8788690070068697     
         950   2.6647238439909415     
        1000   3.7758119670033921     
