# n; Execution time, sec
         100   1.6387789946747944E-003
         150   5.7983059959951788E-003
         200   8.6183920066105202E-003
         250   1.6268150997348130E-002
         300   5.1147926991689019E-002
         350   7.9549318994395435E-002
         400   8.7418103998061270E-002
         450   8.4326506999786943E-002
         500  0.11355993698816746     
         550  0.15139626400195993     
         600  0.27103457599878311     
         650  0.48936971800867468     
         700  0.70398836399544962     
         750  0.45991720800520852     
         800   1.1093762089876691     
         850   1.6032087640051031     
         900   1.9282330160058336     
         950   1.2573604230128694     
        1000   1.3371475780004403     
