# n; Execution time, sec
         100   1.8718969949986786E-003
         150   4.8879100068006665E-003
         200   1.0656316997483373E-002
         250   1.8148385992390104E-002
         300   3.0302063009003177E-002
         350   4.7642538993386552E-002
         400   7.1975026003201492E-002
         450  0.10212842100008857     
         500  0.14388090498687234     
         550  0.21969546400941908     
         600  0.26466955599607900     
         650  0.34956890500325244     
         700  0.51750169899605680     
         750  0.52161043399246410     
         800  0.71478056299383752     
         850  0.73584660000051372     
         900  0.91629614599514753     
         950   1.0864775829977589     
        1000   1.3652149010013090     
