# n; Execution time, sec
         100   2.7932135999435559E-002
         150   7.7184600086184219E-003
         200   7.5950919999741018E-002
         250   8.6472012990270741E-002
         300  0.10342157300328836     
         350   7.2687330000917427E-002
         400   5.8208605987601914E-002
         450   8.2901853995281272E-002
         500  0.12582976699923165     
         550  0.16084101800515782     
         600  0.49751429600291885     
         650  0.27166841100552119     
         700  0.34889328600547742     
         750  0.43607573100598529     
         800  0.56397701700916514     
         850  0.66300378399319015     
         900  0.93267127600847743     
         950  0.98004758500610478     
        1000   1.2287715299898991     
