# n; Execution time, sec
         100   1.6102270019473508E-003
         150   9.8574209987418726E-003
         200   8.1058939977083355E-003
         250   1.5940516997943632E-002
         300   2.6288755005225539E-002
         350  0.11389911299920641     
         400   5.6476415993529372E-002
         450   7.9378431997611187E-002
         500  0.10876765499415342     
         550  0.14912233600625768     
         600  0.18870738000259735     
         650  0.24151645599340554     
         700  0.31668628200714011     
         750  0.38608838699292392     
         800  0.47588249300315510     
         850  0.60193159199843649     
         900   3.7541790950053837     
         950  0.82450916100060567     
        1000  0.97953443101141602     
