# n; Execution time, sec
         100   2.4159009917639196E-003
         150   8.9110939879901707E-003
         200   1.6126330010592937E-002
         250   2.7400605002185330E-002
         300   4.6512838001945056E-002
         350   7.6814346990431659E-002
         400  0.12674004200380296     
         450  0.16506911900069099     
         500  0.23886231399956159     
         550  0.34457574399129953     
         600  0.45304369900259189     
         650  0.64127035799901932     
         700  0.73474261100636795     
         750  0.87051268600043841     
         800   1.4175150349910837     
         850   1.3994259969913401     
         900   1.8129971320013283     
         950   2.3772887739905855     
        1000   2.1779379869985860     
