# n; Execution time, sec
         100   1.5568740054732189E-003
         150   5.4501430131494999E-003
         200   8.1227189948549494E-003
         250   2.6395915992907248E-002
         300   3.5744706998229958E-002
         350   4.9329180998029187E-002
         400   7.2871105003287084E-002
         450   8.7306115005048923E-002
         500  0.16263424699718598     
         550  0.27699509600643069     
         600  0.54330781599855982     
         650  0.68307379899488296     
         700  0.78698511100083124     
         750  0.97692136200203095     
         800   1.1714359370089369     
         850   1.5346333909983514     
         900   1.0888615779986139     
         950   1.0349305929994443     
        1000   1.2042362910142401     
