# n; Execution time, sec
         100   2.0000679942313582E-003
         150   5.1009729941142723E-003
         200   1.0587873999611475E-002
         250   2.0135186001425609E-002
         300   3.1081127002835274E-002
         350   4.9055823998060077E-002
         400   7.3741852000239305E-002
         450  0.10620263300370425     
         500  0.15078494400950149     
         550  0.19885677999991458     
         600  0.26785410099546425     
         650  0.32994610600871965     
         700  0.40558031598629896     
         750  0.51193492200400215     
         800  0.70119634100410622     
         850  0.94496851900476031     
         900   1.1994684079982108     
         950   2.5532102180004586     
        1000   3.0910773940122453     
