# n; Execution time, sec
         100   2.8588129003765061E-002
         150  0.16576438100310043     
         200   4.4407009001588449E-002
         250  0.12801916500029620     
         300   7.9006999003468081E-002
         350  0.27322994900168851     
         400  0.72356714699708391     
         450  0.77080440199642908     
         500   1.4128631939965999     
         550   1.0681193830096163     
         600   1.7212343610008247     
         650  0.74215935499523766     
         700   2.2783923009992577     
         750   1.6660862240096321     
         800  0.50154907000251114     
         850  0.75059011299163103     
         900  0.78335451200837269     
         950  0.98628916101006325     
        1000   1.1894016459991690     
