# n; Execution time, sec
         100   5.5097769945859909E-003
         150   1.2600179994478822E-002
         200   1.8629022000823170E-002
         250   2.5375946992426179E-002
         300   3.8931064002099447E-002
         350   5.6218680998426862E-002
         400   8.1259575992589816E-002
         450  0.11466594399826135     
         500  0.15929928999685217     
         550  0.20202971200342290     
         600  0.25949588499497622     
         650  0.32462435500929132     
         700  0.40348022399120964     
         750  0.49551308900117874     
         800  0.61396878999948967     
         850  0.72832330399251077     
         900  0.82749697299732361     
         950   1.0085463559953496     
        1000   1.1509751260018675     
