# n; Execution time, sec
         100   5.4007459984859452E-003
         150   1.1675503003061749E-002
         200   1.6861894007888623E-002
         250   2.3859223001636565E-002
         300   3.6462709002080373E-002
         350   5.2782896003918722E-002
         400   8.0166232990450226E-002
         450  0.10732327500591055     
         500  0.14136900499579497     
         550  0.20316054899012670     
         600  0.21728465099295136     
         650  0.27931155399710406     
         700  0.40063658900908194     
         750  0.47937985499447677     
         800  0.59564006098662503     
         850  0.82938375600497238     
         900  0.83687939899391495     
         950   1.0326185629965039     
        1000   1.2100073659967165     
