# n; Execution time, sec
         100   5.6857090094126761E-003
         150   1.2158726996858604E-002
         200   1.7699140997137874E-002
         250   2.7582120994338766E-002
         300   3.7701833993196487E-002
         350   5.8800112004973926E-002
         400   7.7646165998885408E-002
         450  0.10618480599077884     
         500  0.13830568100092933     
         550  0.18935840499761980     
         600  0.23022263300663326     
         650  0.29605535999871790     
         700  0.37267637100012507     
         750  0.46803869100403972     
         800  0.57645009800035041     
         850  0.68500271299853921     
         900  0.77782037999713793     
         950  0.99077853100607172     
        1000   1.1384263119980460     
