# n; Execution time, sec
         100   6.2347640050575137E-003
         150   1.2985711000510491E-002
         200   1.8023838012595661E-002
         250   2.7573478000704199E-002
         300   3.8671200003591366E-002
         350   5.0782844002242200E-002
         400   7.0351235000998713E-002
         450  0.10320840000349563     
         500  0.12656385599984787     
         550  0.17020256599062122     
         600  0.20896846600226127     
         650  0.27285156000289135     
         700  0.34396210299746599     
         750  0.41201119399920572     
         800  0.49308437899162527     
         850  0.58987542999966536     
         900  0.70913551900594030     
         950  0.84902760999102611     
        1000  0.99177372400299646     
