# n; Execution time, sec
         100   1.1272912001004443E-002
         150   1.6150932991877198E-002
         200   2.1817886998178437E-002
         250   3.1435734999831766E-002
         300   4.5032837006147020E-002
         350   6.3585287003661506E-002
         400   8.7888321999344043E-002
         450  0.11923753899463918     
         500  0.15129299300315324     
         550  0.19595489499624819     
         600  0.24648281899862923     
         650  0.31071589200291783     
         700  0.38035898799716961     
         750  0.48372434100019746     
         800  0.56395564599370118     
         850  0.66681727700051852     
         900  0.85195221599133220     
         950  0.99789579800562933     
        1000   1.1676722119882470     
